"MaximumInscribedSphereRadius","TCoords:0","TCoords:1","Curvature","Torsion","FrenetTangent:0","FrenetTangent:1","FrenetTangent:2","FrenetNormal:0","FrenetNormal:1","FrenetNormal:2","FrenetBinormal:0","FrenetBinormal:1","FrenetBinormal:2","Points:0","Points:1","Points:2"
0,0,0,0,0,0.14007,-0.12731,-0.98192,0.96489,0.24008,0.10652,0.22218,-0.96237,0.15647,-14.656,-67.43,-539.15
1.3575,0.0067114,0,0.00077498,0,0.14007,-0.12731,-0.98192,0.96489,0.24008,0.10652,0.22218,-0.96237,0.15647,-14.637,-67.447,-539.28
2.7006,0.013423,0,0.0017935,0.19611,0.14031,-0.12733,-0.98189,0.98028,-0.12154,0.15585,-0.13918,-0.98439,0.10776,-14.599,-67.481,-539.54
2.7006,0.020134,0,0.00019737,-31.82,0.14056,-0.12735,-0.98185,0.89316,0.44422,0.070252,0.42721,-0.88682,0.17618,-14.569,-67.508,-539.76
2.7006,0.026846,0,0.0026128,-0.17484,0.14033,-0.1273,-0.98189,-0.97511,0.15417,-0.15935,0.17166,0.97981,-0.10249,-14.543,-67.532,-539.94
2.701,0.033557,0,0.00089801,-1.4292,0.14001,-0.12725,-0.98194,-0.98439,0.088957,-0.15188,0.10668,0.98787,-0.11281,-14.516,-67.557,-540.13
2.7013,0.040268,0,0.00092366,-1.7002,0.14,-0.12729,-0.98194,0.87396,-0.45025,0.18297,-0.46541,-0.88378,0.048207,-14.487,-67.583,-540.33
2.7015,0.04698,0,0.00064994,-1.4492,0.14015,-0.12733,-0.98191,0.99013,0.015346,0.13933,-0.0026719,-0.99174,0.12822,-14.459,-67.609,-540.53
2.7017,0.053691,0,6.2752e-05,13.977,0.14021,-0.12733,-0.9819,0.48882,-0.85351,0.18049,-0.86104,-0.50528,-0.057432,-14.431,-67.634,-540.73
2.7018,0.060403,0,0.00036497,-1.242,0.14025,-0.12735,-0.98189,0.89984,-0.39733,0.18006,-0.41307,-0.9088,0.05887,-14.403,-67.66,-540.92
2.7019,0.067114,0,0.00044322,-1.5736,0.14033,-0.12737,-0.98188,0.98554,-0.07711,0.15085,-0.094927,-0.98885,0.11471,-14.374,-67.685,-541.12
2.702,0.073826,0,0.00033555,-3.2009,0.14034,-0.12735,-0.98188,-0.82028,0.54041,-0.18734,0.55447,0.83171,-0.028624,-14.346,-67.711,-541.32
2.7021,0.080537,0,0.00021918,0.072076,0.1403,-0.12735,-0.98188,-0.55977,-0.82819,0.027433,-0.81668,0.54578,-0.18749,-14.318,-67.736,-541.51
2.7023,0.087248,0,0.00034189,2.0541,0.14026,-0.12735,-0.98189,-0.81366,0.55024,-0.1876,0.56416,0.82524,-0.026445,-14.29,-67.762,-541.71
2.7024,0.09396,0,0.00012054,7.3329,0.14025,-0.12734,-0.98189,0.98843,-0.039864,0.14635,-0.057778,-0.99106,0.12027,-14.262,-67.787,-541.91
2.7025,0.10067,0,0.00036164,0.89934,0.14029,-0.12735,-0.98189,0.83397,-0.51933,0.18652,-0.53367,-0.84503,0.033354,-14.234,-67.813,-542.11
2.7024,0.10738,0,0.00014412,3.0864,0.14031,-0.12737,-0.98188,-0.98891,0.030819,-0.14531,0.048769,0.99138,-0.12164,-14.205,-67.838,-542.3
2.7022,0.11409,0,2.3437e-05,-0.75449,0.14029,-0.12737,-0.98188,-0.99011,-0.018047,-0.13912,-3.3998e-12,0.99169,-0.12864,-14.177,-67.864,-542.5
2.702,0.12081,0,2.3437e-05,19.96,0.14028,-0.12737,-0.98188,-0.99011,-0.018047,-0.13912,-5.8219e-13,0.99169,-0.12864,-14.149,-67.89,-542.7
2.7018,0.12752,0,0.00018971,0.91396,0.14028,-0.12735,-0.98189,0.14016,0.98426,-0.10764,0.98014,-0.12252,0.15593,-14.121,-67.915,-542.89
2.7017,0.13423,0,0.00018886,0.92217,0.14029,-0.12735,-0.98189,0.10496,-0.98419,0.14265,-0.98453,-0.12307,-0.12471,-14.093,-67.941,-543.09
2.7016,0.14094,0,0.00019276,-0.59017,0.14029,-0.12735,-0.98189,-0.22322,0.96209,-0.15668,0.96462,0.24116,0.10654,-14.065,-67.966,-543.29
2.7016,0.14765,0,0.00018971,-1.5233,0.14028,-0.12735,-0.98189,-0.14016,-0.98426,0.10764,-0.98014,0.12252,-0.15592,-14.036,-67.992,-543.49
2.7016,0.15436,0,0.00020175,2.963,0.14028,-0.12735,-0.98189,0.36183,0.9297,-0.068889,0.92163,-0.34561,0.1765,-14.008,-68.017,-543.68
2.7017,0.16107,0,0.00040717,-2.2485,0.14031,-0.12737,-0.98188,0.38232,-0.90781,0.1724,-0.91332,-0.39958,-0.078676,-13.98,-68.043,-543.88
2.7017,0.16779,0,0.00064544,-12.576,0.14035,-0.12735,-0.98188,0.48311,0.87444,-0.044359,0.86424,-0.46813,0.18426,-13.952,-68.069,-544.08
2.7011,0.1745,0,0.0069735,-0.044957,0.14044,-0.1266,-0.98196,0.073927,0.99036,-0.11711,0.98733,-0.056146,0.14844,-13.924,-68.094,-544.27
2.7005,0.18121,0,0.011503,-0.001491,0.14059,-0.12477,-0.98218,0.086197,0.9898,-0.1134,0.98631,-0.068718,0.14991,-13.896,-68.119,-544.47
2.6992,0.18792,0,0.0030118,-0.18239,0.1407,-0.12332,-0.98234,0.054696,0.99166,-0.11666,0.98854,-0.037315,0.14628,-13.867,-68.144,-544.67
2.698,0.19463,0,0.0080853,0.27631,0.14069,-0.12383,-0.98228,-0.037155,-0.99211,0.11975,-0.98936,0.019649,-0.14418,-13.839,-68.169,-544.87
2.6958,0.20134,0,0.0081637,0.93581,0.14055,-0.12544,-0.9821,-0.13938,-0.98457,0.10581,-0.98021,0.12201,-0.15586,-13.811,-68.194,-545.06
2.6933,0.20805,0,0.0022873,15.03,0.14021,-0.12627,-0.98204,-0.98697,-0.096939,-0.12845,-0.078979,0.98725,-0.13822,-13.783,-68.219,-545.26
2.6908,0.21477,0,0.0062638,0.98265,0.13971,-0.12574,-0.98218,-0.4324,0.88459,-0.17475,0.89079,0.44911,0.069215,-13.755,-68.245,-545.46
2.6875,0.22148,0,0.0069479,-0.085406,0.13917,-0.12455,-0.98241,-0.38846,0.90567,-0.16985,0.91089,0.40527,0.077656,-13.727,-68.27,-545.65
2.6841,0.22819,0,0.0045558,-0.72231,0.13867,-0.12353,-0.9826,-0.49477,0.85085,-0.17679,0.85789,0.51067,0.056869,-13.699,-68.295,-545.85
2.6807,0.2349,0,0.0022879,-2.8712,0.13829,-0.12297,-0.98273,-0.66717,0.72177,-0.1842,0.73195,0.68112,0.017767,-13.671,-68.319,-546.05
2.6779,0.24161,0,0.0020986,-5.5366,0.1381,-0.12301,-0.98275,-0.17175,-0.9802,0.09856,-0.97541,0.15518,-0.15649,-13.643,-68.344,-546.25
2.6756,0.24832,0,0.0074988,-0.6565,0.13822,-0.12395,-0.98261,0.21218,-0.9654,0.15162,-0.96741,-0.22945,-0.10714,-13.616,-68.369,-546.44
2.6734,0.25503,0,0.014356,-0.16418,0.1388,-0.12603,-0.98227,0.29055,-0.94304,0.16206,-0.94674,-0.30789,-0.094276,-13.588,-68.394,-546.64
2.6711,0.26174,0,0.019783,0.092116,0.13983,-0.12925,-0.9817,0.30587,-0.93732,0.16697,-0.94175,-0.32362,-0.091528,-13.56,-68.419,-546.84
2.668,0.26846,0,0.01596,0.82356,0.14083,-0.13264,-0.98111,0.24747,-0.95481,0.16461,-0.95861,-0.26598,-0.10164,-13.532,-68.446,-547.03
2.6632,0.27517,0,0.0061121,8.7208,0.14072,-0.13384,-0.98096,-0.82275,0.53532,-0.19107,0.5507,0.83398,-0.034787,-13.503,-68.473,-547.23
2.6585,0.28188,0,0.027149,0.4458,0.13875,-0.13127,-0.98159,-0.5377,0.82237,-0.18599,0.83164,0.5536,0.043521,-13.475,-68.499,-547.43
2.6537,0.28859,0,0.048627,0.15643,0.13487,-0.12488,-0.98296,-0.49642,0.85003,-0.17611,0.85754,0.51171,0.052645,-13.448,-68.525,-547.62
2.649,0.2953,0,0.069558,0.045199,0.12911,-0.1147,-0.98497,-0.47694,0.86367,-0.16309,0.8694,0.49083,0.056805,-13.421,-68.549,-547.82
2.6455,0.30201,0,0.055833,-0.033275,0.12309,-0.10379,-0.98695,-0.4773,0.86574,-0.15057,0.87008,0.48961,0.057025,-13.396,-68.571,-548.02
2.6443,0.30872,0,0.0080767,-3.7271,0.12072,-0.099672,-0.98767,0.3841,-0.91276,0.13906,-0.91536,-0.39615,-0.071906,-13.371,-68.591,-548.22
2.6431,0.31544,0,0.076031,-0.041021,0.12453,-0.10711,-0.98642,0.45734,-0.87606,0.15287,-0.88053,-0.47016,-0.060111,-13.347,-68.611,-548.42
2.642,0.32215,0,0.1449,-0.014019,0.1347,-0.12649,-0.98278,0.45803,-0.87155,0.17496,-0.87867,-0.47371,-0.059459,-13.321,-68.634,-548.62
2.6408,0.32886,0,0.21479,-0.0077688,0.15117,-0.1578,-0.97583,0.45495,-0.8653,0.2104,-0.87759,-0.47577,-0.059012,-13.293,-68.662,-548.81
2.6397,0.33557,0,0.28044,-0.030796,0.17355,-0.20047,-0.9642,0.44793,-0.85586,0.25857,-0.87706,-0.47677,-0.058743,-13.261,-68.698,-549.01
2.6361,0.34228,0,0.26922,-0.09426,0.19821,-0.24709,-0.9485,0.44811,-0.83781,0.31189,-0.87173,-0.48686,-0.055339,-13.224,-68.742,-549.2
2.6307,0.34899,0,0.19342,-0.24121,0.21937,-0.28532,-0.93299,0.46892,-0.80775,0.35728,-0.85556,-0.51587,-0.0434,-13.181,-68.797,-549.39
2.6253,0.3557,0,0.11841,-0.63354,0.23474,-0.30999,-0.92131,0.52725,-0.75565,0.38858,-0.81664,-0.57697,-0.013939,-13.135,-68.857,-549.57
2.6199,0.36242,0,0.047242,-3.9527,0.24462,-0.32148,-0.91477,0.7572,-0.52596,0.38732,-0.60565,-0.78741,0.11477,-13.087,-68.922,-549.76
2.6145,0.36913,0,0.040924,-5.2867,0.24926,-0.32014,-0.91399,0.25024,0.93302,-0.25856,0.93555,-0.16427,0.31268,-13.037,-68.987,-549.94
2.6091,0.37584,0,0.11131,-0.72011,0.24869,-0.30594,-0.91899,-0.14428,0.92652,-0.34749,0.95778,0.21901,0.18628,-12.986,-69.051,-550.13
2.6037,0.38255,0,0.18643,-0.26329,0.24275,-0.27856,-0.92923,-0.23363,0.9129,-0.3347,0.94153,0.29835,0.15652,-12.936,-69.11,-550.31
2.5983,0.38926,0,0.26573,-0.11081,0.23101,-0.23738,-0.94355,-0.27991,0.91257,-0.29812,0.93182,0.33297,0.14437,-12.889,-69.162,-550.5
2.5918,0.39597,0,0.31571,-0.022454,0.21399,-0.18432,-0.95929,-0.30656,0.91975,-0.24511,0.92748,0.34653,0.14031,-12.844,-69.205,-550.69
2.5726,0.40268,0,0.27365,0.04097,0.19575,-0.13003,-0.972,-0.31481,0.93038,-0.18786,0.92875,0.34277,0.14119,-12.804,-69.236,-550.88
2.5535,0.4094,0,0.21219,0.092086,0.18058,-0.084733,-0.9799,-0.30997,0.94061,-0.13846,0.93344,0.32874,0.14359,-12.766,-69.257,-551.08
2.5344,0.41611,0,0.15145,0.1638,0.16954,-0.050361,-0.98424,-0.29338,0.95084,-0.099187,0.94084,0.30557,0.14643,-12.732,-69.27,-551.27
2.5152,0.42282,0,0.093202,0.42101,0.16274,-0.026863,-0.9863,-0.24904,0.96614,-0.067405,0.95472,0.2566,0.15054,-12.698,-69.277,-551.47
2.4961,0.42953,0,0.037028,2.7007,0.16026,-0.014073,-0.98697,-0.036972,0.99911,-0.02025,0.98638,0.039735,0.1596,-12.666,-69.28,-551.67
2.477,0.43624,0,0.025856,5.4806,0.16219,-0.011907,-0.98669,0.78893,-0.59904,0.13691,-0.59269,-0.80063,-0.087761,-12.634,-69.282,-551.87
2.4578,0.44295,0,0.079997,0.57112,0.16848,-0.020298,-0.9855,0.52366,-0.84519,0.10693,-0.8351,-0.53408,-0.13177,-12.6,-69.285,-552.07
2.4387,0.44966,0,0.13748,0.19813,0.17913,-0.039295,-0.98304,0.46258,-0.8785,0.11941,-0.86829,-0.47613,-0.13919,-12.566,-69.291,-552.27
2.4196,0.45638,0,0.19591,0.066843,0.19405,-0.069003,-0.97856,0.43125,-0.88997,0.14827,-0.88112,-0.45077,-0.14294,-12.528,-69.301,-552.47
2.4005,0.46309,0,0.2288,-0.043596,0.21215,-0.10696,-0.97137,0.41746,-0.88881,0.18904,-0.88358,-0.44561,-0.14391,-12.488,-69.318,-552.66
2.382,0.4698,0,0.17205,-0.23613,0.22923,-0.14239,-0.9629,0.4348,-0.87008,0.23218,-0.87086,-0.47189,-0.13753,-12.443,-69.344,-552.86
2.3635,0.47651,0,0.098836,-0.82479,0.24177,-0.1655,-0.95612,0.50987,-0.81668,0.27029,-0.82558,-0.55285,-0.11306,-12.396,-69.376,-553.05
2.3449,0.48322,0,0.031021,-8.3476,0.24951,-0.17485,-0.95246,0.86412,-0.40373,0.30049,-0.43708,-0.89801,0.05036,-12.346,-69.41,-553.24
2.3264,0.48993,0,0.05727,-2.2825,0.25245,-0.17045,-0.95248,0.042969,0.98537,-0.16495,0.96666,0.00071396,0.25608,-12.295,-69.446,-553.43
2.3079,0.49664,0,0.12196,-0.3333,0.25083,-0.15295,-0.95587,-0.15426,0.9685,-0.19546,0.95566,0.19648,0.21933,-12.245,-69.479,-553.62
2.3071,0.50336,0,0.12671,-0.11079,0.24643,-0.12886,-0.96056,-0.1976,0.96362,-0.17997,0.9488,0.23416,0.212,-12.195,-69.507,-553.81
2.3129,0.51007,0,0.09425,-0.074069,0.24191,-0.10751,-0.96432,-0.2118,0.96403,-0.16061,0.9469,0.2431,0.21044,-12.146,-69.531,-554.01
2.3188,0.51678,0,0.062716,-0.16252,0.23839,-0.092359,-0.96677,-0.24004,0.95898,-0.15081,0.94104,0.26802,0.20644,-12.098,-69.55,-554.2
2.3246,0.52349,0,0.029964,-0.55337,0.23599,-0.083483,-0.96816,-0.29371,0.94358,-0.15296,0.92631,0.32046,0.19816,-12.05,-69.568,-554.4
2.3305,0.5302,0,0.0038521,-42.422,0.23487,-0.080948,-0.96865,-0.60995,-0.78818,-0.08203,-0.75683,0.61009,-0.2345,-12.003,-69.584,-554.59
2.3347,0.53691,0,0.044894,-0.78933,0.2366,-0.085248,-0.96786,0.43289,-0.88256,0.18356,-0.86984,-0.46241,-0.17191,-11.956,-69.6,-554.79
2.3382,0.54362,0,0.096151,-0.24839,0.24364,-0.097214,-0.96498,0.52431,-0.82384,0.21537,-0.81593,-0.55842,-0.14975,-11.907,-69.618,-554.98
2.3417,0.55034,0,0.1483,-0.10552,0.25682,-0.11716,-0.95933,0.54315,-0.80354,0.24354,-0.79939,-0.58361,-0.14272,-11.857,-69.639,-555.17
2.3452,0.55705,0,0.20266,-0.055269,0.27603,-0.14517,-0.95012,0.54679,-0.78926,0.27945,-0.79046,-0.59665,-0.13849,-11.804,-69.665,-555.37
2.3487,0.56376,0,0.25476,0.00095266,0.30092,-0.181,-0.93632,0.53997,-0.77694,0.32373,-0.78605,-0.603,-0.13606,-11.747,-69.698,-555.56
2.3521,0.57047,0,0.25554,0.07227,0.32791,-0.22047,-0.91862,0.51857,-0.77079,0.3701,-0.78966,-0.59773,-0.13842,-11.684,-69.738,-555.74
2.3554,0.57718,0,0.20678,0.17899,0.35106,-0.25616,-0.90063,0.48114,-0.7758,0.4082,-0.80328,-0.57664,-0.14911,-11.616,-69.786,-555.92
2.3587,0.58389,0,0.15559,0.30939,0.36764,-0.28456,-0.88536,0.42707,-0.79405,0.43255,-0.82611,-0.53713,-0.1704,-11.544,-69.84,-556.1
2.362,0.5906,0,0.10801,0.61626,0.37805,-0.30591,-0.87379,0.34771,-0.82782,0.44025,-0.85801,-0.47026,-0.20659,-11.468,-69.9,-556.28
2.3652,0.59732,0,0.061047,1.9452,0.38264,-0.32046,-0.86654,0.13606,-0.90814,0.39593,-0.91382,-0.2694,-0.30389,-11.391,-69.963,-556.45
2.3685,0.60403,0,0.030049,7.9783,0.38159,-0.32842,-0.86402,-0.62067,-0.78371,0.023776,-0.68495,0.5272,-0.50289,-11.314,-70.029,-556.63
2.3718,0.61074,0,0.054145,2.2811,0.37492,-0.32985,-0.86639,-0.87844,0.17226,-0.44572,0.29627,0.92818,-0.22517,-11.238,-70.096,-556.8
2.3751,0.61745,0,0.088855,0.45562,0.36315,-0.32531,-0.8731,-0.78141,0.40405,-0.47555,0.50747,0.85494,-0.10747,-11.163,-70.162,-556.98
2.376,0.62416,0,0.087317,0.036067,0.34938,-0.31786,-0.88142,-0.77143,0.43635,-0.46314,0.53182,0.84176,-0.092757,-11.091,-70.227,-557.15
2.3767,0.63087,0,0.066299,-0.14476,0.33735,-0.31122,-0.88845,-0.78871,0.42181,-0.44723,0.51394,0.8516,-0.10316,-11.022,-70.29,-557.33
2.3773,0.63758,0,0.047654,-0.24614,0.32821,-0.30653,-0.89349,-0.81193,0.39186,-0.43268,0.48275,0.86746,-0.12027,-10.956,-70.352,-557.51
2.378,0.6443,0,0.028652,-0.68105,0.32188,-0.30371,-0.89675,-0.84801,0.32873,-0.41572,0.42104,0.89426,-0.15173,-10.891,-70.413,-557.69
2.3786,0.65101,0,0.0099147,-6.0769,0.3185,-0.30285,-0.89824,-0.94785,-0.089771,-0.30582,0.011982,0.9488,-0.31565,-10.827,-70.473,-557.87
2.3792,0.65772,0,0.013016,-2.5264,0.31807,-0.30401,-0.898,0.39481,-0.81868,0.417,-0.86195,-0.48718,-0.14038,-10.763,-70.534,-558.05
2.382,0.66443,0,0.022505,0.16617,0.31983,-0.30668,-0.89647,0.54857,-0.71151,0.43912,-0.77252,-0.63221,-0.059327,-10.699,-70.595,-558.23
2.3897,0.67114,0,0.016009,1.7629,0.32161,-0.30964,-0.89481,0.3401,-0.84418,0.41436,-0.88369,-0.43758,-0.16619,-10.635,-70.657,-558.41
2.3974,0.67785,0,0.010772,3.9468,0.32195,-0.31202,-0.89386,-0.18711,-0.94648,0.26299,-0.92808,0.082583,-0.36311,-10.57,-70.72,-558.59
2.4051,0.68456,0,0.012051,3.1886,0.3208,-0.31378,-0.89366,-0.78672,-0.61368,-0.066934,-0.52742,0.72453,-0.44373,-10.506,-70.782,-558.77
2.4128,0.69128,0,0.018025,1.9836,0.31815,-0.31495,-0.8942,-0.93879,-0.23608,-0.25086,-0.1321,0.91928,-0.37079,-10.441,-70.846,-558.95
2.4205,0.69799,0,0.026906,2.8224,0.31393,-0.31514,-0.89562,-0.92937,0.090984,-0.35777,0.19423,0.94468,-0.26431,-10.378,-70.909,-559.13
2.4267,0.7047,0,0.045709,1.8382,0.30827,-0.3122,-0.89861,-0.6835,0.58432,-0.43749,0.66166,0.74907,-0.033261,-10.315,-70.972,-559.31
2.4326,0.71141,0,0.077653,0.74969,0.30123,-0.3036,-0.90393,-0.49971,0.75711,-0.42081,0.81213,0.57846,0.07635,-10.253,-71.035,-559.49
2.4386,0.71812,0,0.11111,0.36521,0.2927,-0.28853,-0.91163,-0.41474,0.82074,-0.39292,0.86158,0.49309,0.12057,-10.194,-71.095,-559.67
2.4445,0.72483,0,0.14685,0.21563,0.28255,-0.26679,-0.9214,-0.37498,0.85339,-0.36209,0.88292,0.44782,0.14109,-10.136,-71.151,-559.86
2.4505,0.73154,0,0.18176,0.13638,0.27064,-0.23825,-0.93273,-0.35125,0.87766,-0.3261,0.89631,0.41588,0.15385,-10.08,-71.202,-560.04
2.4564,0.73826,0,0.21679,0.12601,0.25682,-0.20285,-0.94493,-0.34302,0.89494,-0.28534,0.90354,0.39741,0.16026,-10.027,-71.246,-560.23
2.4572,0.74497,0,0.20701,0.21235,0.24269,-0.16443,-0.95607,-0.32219,0.91593,-0.23931,0.91504,0.36611,0.16931,-9.9774,-71.283,-560.42
2.4539,0.75168,0,0.16188,0.39922,0.23156,-0.13014,-0.96408,-0.27312,0.94246,-0.19282,0.9337,0.30795,0.18269,-9.9301,-71.312,-560.61
2.4505,0.75839,0,0.11666,0.77015,0.22508,-0.10342,-0.96884,-0.17387,0.97413,-0.14438,0.9587,0.20095,0.20127,-9.8845,-71.335,-560.81
2.4471,0.7651,0,0.074862,1.8786,0.22347,-0.084516,-0.97104,0.058669,0.99559,-0.073152,0.97294,-0.040623,0.22745,-9.8397,-71.354,-561
2.4437,0.77181,0,0.046593,4.7795,0.2269,-0.073435,-0.97115,0.63719,0.76532,0.091002,0.73655,-0.63945,0.22044,-9.7946,-71.369,-561.2
2.4404,0.77852,0,0.055569,3.3638,0.23531,-0.070061,-0.96939,0.97043,-0.038298,0.23833,-0.053823,-0.99681,0.058977,-9.7483,-71.383,-561.39
2.437,0.78523,0,0.093029,1.1053,0.24875,-0.074422,-0.9657,0.85869,-0.4443,0.25543,-0.44807,-0.89278,-0.046616,-9.6999,-71.397,-561.59
2.4336,0.79195,0,0.12484,0.26573,0.26651,-0.085694,-0.96002,0.77756,-0.56946,0.26669,-0.56954,-0.81754,-0.085132,-9.6484,-71.413,-561.78
2.4332,0.79866,0,0.097741,-0.12479,0.2838,-0.098331,-0.95383,0.77396,-0.56375,0.2884,-0.56608,-0.82007,-0.083887,-9.5932,-71.432,-561.97
2.4329,0.80537,0,0.05122,-0.83811,0.29553,-0.10636,-0.94939,0.81467,-0.491,0.3086,-0.49897,-0.86465,-0.058459,-9.5349,-71.452,-562.16
2.4327,0.81208,0,0.010768,-19.701,0.30064,-0.10839,-0.94756,0.86782,0.44319,0.22465,0.3956,-0.88985,0.22731,-9.4749,-71.474,-562.35
2.4324,0.81879,0,0.043223,-1.2495,0.29921,-0.10445,-0.94845,-0.54382,0.79809,-0.25945,0.78405,0.59342,0.182,-9.4144,-71.496,-562.54
2.4322,0.8255,0,0.088667,-0.25742,0.29111,-0.094546,-0.95201,-0.64161,0.71884,-0.26759,0.70964,0.68872,0.1486,-9.3547,-71.516,-562.73
2.4319,0.83221,0,0.11848,-0.1613,0.27733,-0.079732,-0.95746,-0.66998,0.69823,-0.25221,0.68863,0.71142,0.14022,-9.297,-71.534,-562.93
2.4397,0.83893,0,0.095796,-0.31208,0.26238,-0.064911,-0.96278,-0.71023,0.66244,-0.23822,0.65325,0.7463,0.12771,-9.2422,-71.549,-563.12
2.4477,0.84564,0,0.060901,-0.81639,0.25068,-0.054852,-0.96652,-0.77606,0.58544,-0.23451,0.5787,0.80886,0.10419,-9.1903,-71.56,-563.32
2.4556,0.85235,0,0.028651,-3.9796,0.24318,-0.050522,-0.96866,-0.93723,0.24508,-0.24807,0.24993,0.96819,0.012246,-9.1405,-71.571,-563.51
2.4636,0.85906,0,0.023365,-6.1427,0.23982,-0.052016,-0.96942,-0.2778,-0.96049,-0.017189,-0.93022,0.27343,-0.2448,-9.0924,-71.581,-563.71
2.4716,0.86577,0,0.054146,-0.27957,0.24046,-0.059256,-0.96885,0.24692,-0.96156,0.1201,-0.93873,-0.26811,-0.21659,-9.0454,-71.591,-563.9
2.4821,0.87248,0,0.055498,1.1594,0.24249,-0.069566,-0.96766,0.13588,-0.98516,0.10488,-0.96059,-0.15691,-0.22944,-8.999,-71.604,-564.08
2.4935,0.87919,0,0.039987,3.2866,0.24196,-0.078461,-0.96711,-0.3238,-0.94612,-0.0042546,-0.91466,0.31418,-0.25433,-8.9528,-71.618,-564.27
2.505,0.88591,0,0.036776,3.3574,0.23757,-0.083851,-0.96774,-0.85717,-0.48678,-0.16825,-0.45697,0.86949,-0.18752,-8.9063,-71.634,-564.45
2.5164,0.89262,0,0.044688,1.658,0.22991,-0.0856,-0.96944,-0.97309,-0.0043966,-0.23039,0.015459,0.99632,-0.084307,-8.8593,-71.651,-564.65
2.5278,0.89933,0,0.051698,0.679,0.21997,-0.084176,-0.97187,-0.94121,0.24355,-0.23412,0.25641,0.96623,-0.025653,-8.8113,-71.669,-564.85
2.5342,0.90604,0,0.046102,0.22787,0.2096,-0.080925,-0.97443,-0.9145,0.33648,-0.22465,0.34606,0.93821,-0.0034794,-8.7621,-71.688,-565.08
2.5342,0.91275,0,0.033593,-0.0011717,0.20078,-0.077676,-0.97655,-0.91631,0.33769,-0.21525,0.34649,0.93805,-0.0033754,-8.7116,-71.708,-565.32
2.5342,0.91946,0,0.025403,0.0062572,0.19387,-0.075138,-0.97815,-0.91837,0.33673,-0.20789,0.34499,0.9386,-0.0037225,-8.6606,-71.727,-565.57
2.5342,0.92617,0,0.020009,0.0055362,0.18838,-0.073105,-0.97937,-0.9171,0.34367,-0.20206,0.35135,0.93624,-0.0023032,-8.6097,-71.747,-565.83
2.5342,0.93289,0,0.016714,-0.010332,0.18388,-0.071436,-0.98035,-0.92044,0.33747,-0.19724,0.34493,0.93862,-0.0036971,-8.5597,-71.767,-566.1
2.5342,0.9396,0,0.014291,0.0016609,0.18011,-0.070045,-0.98115,-0.92004,0.34087,-0.19322,0.34797,0.9375,-0.0030517,-8.5112,-71.785,-566.36
2.5342,0.94631,0,0.012398,0.0031775,0.17694,-0.068876,-0.98181,-0.92185,0.33787,-0.18984,0.34479,0.93867,-0.0037124,-8.4649,-71.803,-566.61
2.5342,0.95302,0,0.01149,0.0054961,0.17424,-0.067877,-0.98236,-0.92027,0.34372,-0.18697,0.35035,0.93661,-0.0025765,-8.4214,-71.82,-566.85
2.5342,0.95973,0,0.010811,0.011182,0.17189,-0.067005,-0.98284,-0.92215,0.34003,-0.18446,0.34655,0.93803,-0.0033424,-8.3816,-71.836,-567.08
2.5342,0.96644,0,0.011007,-0.054083,0.16982,-0.066233,-0.98325,-0.91933,0.34873,-0.18227,0.35496,0.93488,-0.0016694,-8.346,-71.85,-567.29
2.5342,0.97315,0,0.010461,0.075872,0.16803,-0.065582,-0.9836,-0.93043,0.3191,-0.18023,0.32568,0.94545,-0.0074005,-8.3153,-71.862,-567.47
2.5342,0.97987,0,0.013437,-0.1529,0.16645,-0.065004,-0.9839,-0.91493,0.3619,-0.1787,0.36769,0.92995,0.00076594,-8.2902,-71.872,-567.61
2.5342,0.98658,0,0.014559,1.251,0.16504,-0.064485,-0.98418,-0.93862,0.29619,-0.17681,0.3029,0.95295,-0.011643,-8.2715,-71.879,-567.72
2.5342,0.99329,0,0.026043,0,0.16399,-0.064095,-0.98438,-0.87588,0.44961,-0.17519,0.45381,0.89092,0.017591,-8.2598,-71.883,-567.79
2.5342,1,0,0,0,0.16399,-0.064095,-0.98438,-0.87588,0.44961,-0.17519,0.45381,0.89092,0.017591,-8.2557,-71.885,-567.82
2.5342,0,0,0,0,-0.64508,0.049533,-0.76251,0.76411,0.039318,-0.64389,-0.0019131,-0.998,-0.063212,-8.2557,-71.885,-567.82
2.4951,0.0064516,0,0.19312,0,-0.64508,0.049533,-0.76251,0.76411,0.039318,-0.64389,-0.0019131,-0.998,-0.063212,-8.2728,-71.884,-567.84
2.456,0.012903,0,0.11021,-0.21146,-0.63812,0.050046,-0.76831,0.76976,0.063004,-0.63522,0.016617,-0.99676,-0.078727,-8.3213,-71.88,-567.9
2.4169,0.019355,0,0.090772,0.024466,-0.62943,0.050739,-0.7754,0.77691,0.060747,-0.62667,0.015307,-0.99686,-0.077655,-8.3966,-71.874,-567.99
2.3779,0.025806,0,0.08418,0.014406,-0.61903,0.051503,-0.78368,0.78529,0.05505,-0.61668,0.011381,-0.99715,-0.074522,-8.4943,-71.866,-568.11
2.3388,0.032258,0,0.081297,-0.010544,-0.60693,0.052344,-0.79303,0.79467,0.054729,-0.60457,0.011756,-0.99713,-0.074813,-8.61,-71.856,-568.26
2.2997,0.03871,0,0.08345,0.0011264,-0.59292,0.053331,-0.80349,0.80513,0.057458,-0.59031,0.014685,-0.99692,-0.077006,-8.7391,-71.845,-568.43
2.2606,0.045161,0,0.090806,0.0039778,-0.57637,0.054449,-0.81537,0.8171,0.052621,-0.57408,0.011647,-0.99713,-0.07482,-8.8774,-71.832,-568.62
2.2216,0.051613,0,0.10117,-0.0030193,-0.55663,0.055712,-0.82889,0.83067,0.052647,-0.55428,0.012759,-0.99706,-0.075583,-9.0203,-71.818,-568.83
2.1825,0.058065,0,0.11753,0.00080579,-0.5328,0.05719,-0.84431,0.84614,0.051334,-0.53048,0.013004,-0.99704,-0.075742,-9.1633,-71.804,-569.05
2.1434,0.064516,0,0.1413,0.00087505,-0.50351,0.058904,-0.86198,0.8639,0.048784,-0.5013,0.012522,-0.99707,-0.07545,-9.3021,-71.788,-569.27
2.1043,0.070968,0,0.17567,-0.00099487,-0.46691,0.060894,-0.8822,0.88421,0.046277,-0.46478,0.012523,-0.99707,-0.075451,-9.4321,-71.772,-569.51
2.0652,0.077419,0,0.22786,-3.7136e-05,-0.42014,0.063237,-0.90525,0.90737,0.04344,-0.41809,0.012886,-0.99705,-0.07563,-9.549,-71.756,-569.74
2.0262,0.083871,0,0.3061,-0.00014841,-0.35901,0.065972,-0.931,0.93325,0.038931,-0.35712,0.012685,-0.99706,-0.075545,-9.6483,-71.74,-569.97
1.9871,0.090323,0,0.42606,0.010111,-0.27752,0.06908,-0.95823,0.96063,0.033289,-0.27581,0.012845,-0.99706,-0.075599,-9.7255,-71.724,-570.2
1.9537,0.096774,0,0.49116,0.026159,-0.17824,0.071899,-0.98136,0.98395,0.021936,-0.1771,0.0087942,-0.99717,-0.074655,-9.7764,-71.708,-570.41
1.9266,0.10323,0,0.40484,0.068992,-0.08401,0.073282,-0.99377,0.99646,0.0057392,-0.083815,-0.00043869,-0.99729,-0.073505,-9.8023,-71.693,-570.62
1.8995,0.10968,0,0.25058,0.22882,-0.017365,0.072832,-0.99719,0.99946,-0.026425,-0.019335,-0.027759,-0.99699,-0.072334,-9.8107,-71.678,-570.82
1.8724,0.11613,0,0.060211,4.1151,0.013417,0.070852,-0.9974,0.97525,-0.22111,-0.0025881,-0.22071,-0.97267,-0.072065,-9.8092,-71.664,-571.02
1.8453,0.12258,0,0.1387,0.95216,0.0056809,0.067751,-0.99769,-0.99109,-0.13239,-0.014634,-0.13308,0.98888,0.066395,-9.8055,-71.65,-571.21
1.8273,0.12903,0,0.19399,0.97091,-0.027001,0.06642,-0.99743,-0.99932,0.023349,0.028607,0.025189,0.99752,0.065745,-9.807,-71.637,-571.41
1.8191,0.13548,0,0.12833,3.0788,-0.057641,0.07238,-0.99571,-0.9001,0.42766,0.083194,0.43185,0.90104,0.040498,-9.8161,-71.624,-571.6
1.8108,0.14194,0,0.11209,3.9513,-0.07294,0.088446,-0.99341,-0.33535,0.93589,0.10795,0.93926,0.34102,-0.038603,-9.83,-71.608,-571.8
1.8026,0.14839,0,0.1612,1.8709,-0.072862,0.11476,-0.99072,0.23721,0.96685,0.094553,0.96872,-0.22812,-0.097669,-9.8456,-71.588,-572.01
1.7943,0.15484,0,0.23862,0.67028,-0.057534,0.1515,-0.98678,0.47746,0.87223,0.10607,0.87677,-0.46505,-0.12252,-9.8595,-71.562,-572.21
1.7838,0.16129,0,0.27432,0.18785,-0.030772,0.19512,-0.9803,0.55382,0.81977,0.14579,0.83207,-0.53842,-0.13329,-9.8688,-71.527,-572.4
1.7685,0.16774,0,0.22718,-0.023701,-0.0028171,0.23618,-0.97171,0.55497,0.8087,0.19495,0.83187,-0.53872,-0.13335,-9.8719,-71.483,-572.6
1.7533,0.17419,0,0.17238,-0.08284,0.019251,0.26854,-0.96308,0.54368,0.80558,0.23549,0.83907,-0.52814,-0.13049,-9.8699,-71.432,-572.79
1.7381,0.18065,0,0.11703,-0.19042,0.034809,0.29198,-0.95579,0.52298,0.80965,0.26639,0.85164,-0.50913,-0.12452,-9.8642,-71.376,-572.99
1.7228,0.1871,0,0.067101,-0.86376,0.044049,0.30715,-0.95064,0.4587,0.83912,0.29237,0.8875,-0.44893,-0.10393,-9.8559,-71.315,-573.18
1.707,0.19355,0,0.069452,-0.93899,0.04895,0.31917,-0.94643,0.25883,0.91115,0.32066,0.96468,-0.26066,-0.038009,-9.8464,-71.252,-573.37
1.6908,0.2,0,0.10437,-0.37516,0.052286,0.33528,-0.94067,0.14571,0.92931,0.33933,0.98794,-0.15481,-0.00026317,-9.8362,-71.187,-573.56
1.6747,0.20645,0,0.13869,-0.20899,0.055052,0.35796,-0.93211,0.088762,0.92808,0.36165,0.99453,-0.10265,0.019319,-9.8254,-71.117,-573.75
1.6586,0.2129,0,0.17605,-0.1391,0.057249,0.38713,-0.92025,0.054258,0.91919,0.39006,0.99688,-0.072261,0.031618,-9.8141,-71.043,-573.93
1.6424,0.21935,0,0.18329,-0.19464,0.05864,0.42004,-0.90561,0.023499,0.90634,0.4219,0.998,-0.046021,0.043278,-9.8025,-70.962,-574.12
1.6267,0.22581,0,0.091224,-1.1256,0.058337,0.44482,-0.89372,-0.079452,0.89447,0.44001,0.99513,0.045338,0.087523,-9.7906,-70.874,-574.3
1.611,0.23226,0,0.034758,-8.4272,0.055556,0.45053,-0.89103,-0.58777,-0.70664,-0.39394,-0.80712,0.54561,0.22555,-9.779,-70.783,-574.47
1.5953,0.23871,0,0.14864,-0.32063,0.05015,0.43512,-0.89898,-0.22549,-0.87194,-0.43461,-0.97295,0.2245,0.054386,-9.7683,-70.693,-574.65
1.5813,0.24516,0,0.21072,0.11751,0.042529,0.40329,-0.91408,-0.20165,-0.89262,-0.4032,-0.97853,0.20147,0.04336,-9.7589,-70.609,-574.84
1.5765,0.25161,0,0.1239,1.0428,0.034398,0.37346,-0.92701,-0.31079,-0.87757,-0.36508,-0.94985,0.30067,0.085883,-9.7512,-70.532,-575.02
1.5717,0.25806,0,0.033649,15.475,0.027262,0.36178,-0.93187,-0.96826,-0.22215,-0.11457,-0.24847,0.90541,0.34424,-9.7451,-70.459,-575.21
1.567,0.26452,0,0.10472,1.1249,0.021326,0.37051,-0.92858,-0.25377,0.90038,0.35343,0.96703,0.22811,0.11322,-9.7403,-70.386,-575.39
1.5636,0.27097,0,0.14339,-0.026857,0.016343,0.39306,-0.91937,-0.16099,0.90853,0.38556,0.98682,0.1417,0.078125,-9.7365,-70.31,-575.58
1.5629,0.27742,0,0.073558,-1.6098,0.011709,0.4125,-0.91088,-0.31382,0.86644,0.38833,0.94941,0.2813,0.13959,-9.7337,-70.229,-575.76
1.5623,0.28387,0,0.025127,-14.388,0.0070542,0.41803,-0.90841,-0.9272,-0.33748,-0.1625,-0.3745,0.84342,0.38521,-9.7318,-70.145,-575.95
1.5617,0.29032,0,0.090064,-0.86668,0.002348,0.40923,-0.91243,-0.26177,-0.88036,-0.39552,-0.96513,0.23978,0.10506,-9.7309,-70.061,-576.13
1.5627,0.29677,0,0.13726,-0.20026,-0.0025164,0.3888,-0.92132,-0.18119,-0.90625,-0.38194,-0.98345,0.16597,0.072726,-9.7309,-69.98,-576.31
1.5647,0.30323,0,0.16749,-0.081068,-0.0077004,0.36084,-0.9326,-0.15981,-0.92108,-0.35506,-0.98712,0.1463,0.064758,-9.7319,-69.905,-576.5
1.5667,0.30968,0,0.19534,0.022259,-0.013265,0.32704,-0.94492,-0.1468,-0.9354,-0.32168,-0.98908,0.13444,0.060416,-9.734,-69.835,-576.69
1.5692,0.31613,0,0.16877,0.25445,-0.019002,0.29272,-0.95601,-0.16894,-0.94337,-0.28549,-0.98544,0.15609,0.067378,-9.7372,-69.773,-576.88
1.5723,0.32258,0,0.082992,1.5535,-0.024505,0.26909,-0.9628,-0.3176,-0.91529,-0.24773,-0.94791,0.29971,0.10789,-9.7416,-69.718,-577.07
1.5754,0.32903,0,0.02592,14.424,-0.029564,0.26238,-0.96451,-0.92737,0.35286,0.12441,0.37298,0.89814,0.23289,-9.7471,-69.665,-577.26
1.5802,0.33548,0,0.084908,1.1158,-0.034267,0.27119,-0.96192,-0.26844,0.92462,0.27024,0.96269,0.26747,0.041113,-9.7535,-69.612,-577.46
1.5857,0.34194,0,0.14525,0.3711,-0.038739,0.29284,-0.95538,-0.14964,0.94361,0.2953,0.98798,0.1544,0.0072657,-9.7608,-69.556,-577.65
1.5912,0.34839,0,0.19975,0.4064,-0.042758,0.32546,-0.94459,-0.091546,0.9402,0.32809,0.99488,0.1005,-0.010406,-9.769,-69.495,-577.84
1.5942,0.35484,0,0.18717,0.86705,-0.043841,0.3618,-0.93123,0.039928,0.93201,0.36022,0.99824,-0.021389,-0.055306,-9.778,-69.426,-578.03
1.5961,0.36129,0,0.14612,1.725,-0.038572,0.39217,-0.91908,0.30781,0.87971,0.36245,0.95067,-0.26892,-0.15465,-9.7866,-69.35,-578.21
1.598,0.36774,0,0.12182,2.3351,-0.025755,0.41333,-0.91022,0.67831,0.67606,0.28781,0.73432,-0.61,-0.29778,-9.7935,-69.268,-578.4
1.6,0.37419,0,0.12371,1.4635,-0.0059222,0.42581,-0.90479,0.9284,0.33851,0.15323,0.37152,-0.83911,-0.39733,-9.797,-69.184,-578.58
1.5949,0.38065,0,0.12041,0.69291,0.017434,0.4322,-0.90161,0.9778,0.18095,0.10565,0.20881,-0.88344,-0.41946,-9.7959,-69.097,-578.76
1.5891,0.3871,0,0.11098,0.60687,0.040332,0.43517,-0.89945,0.99446,0.06993,0.078426,0.097026,-0.89763,-0.42994,-9.79,-69.01,-578.94
1.5832,0.39355,0,0.10304,0.61777,0.061728,0.43535,-0.89814,0.99753,-0.057027,0.040916,-0.033406,-0.89845,-0.4378,-9.7797,-68.923,-579.12
1.5773,0.4,0,0.09355,0.68891,0.08129,0.43315,-0.89765,0.98514,-0.17166,0.0063812,-0.15133,-0.88483,-0.44066,-9.7652,-68.835,-579.3
1.57,0.40645,0,0.069082,1.2641,0.097018,0.4291,-0.89803,0.93433,-0.35017,-0.066381,-0.34295,-0.83262,-0.43489,-9.747,-68.749,-579.48
1.5626,0.4129,0,0.044349,2.9394,0.10678,0.42381,-0.89943,0.73761,-0.64036,-0.21418,-0.66673,-0.64056,-0.38098,-9.7263,-68.663,-579.66
1.5551,0.41935,0,0.036445,3.624,0.11013,0.41764,-0.90191,0.019142,-0.90816,-0.41819,-0.99373,0.028791,-0.10801,-9.7042,-68.579,-579.84
1.549,0.42581,0,0.042293,1.0832,0.1082,0.41101,-0.90519,-0.47104,-0.78064,-0.41076,-0.87545,0.47083,0.10914,-9.682,-68.495,-580.03
1.5483,0.43226,0,0.030272,-0.034291,0.10472,0.40534,-0.90815,-0.48713,-0.77522,-0.40218,-0.86703,0.4845,0.11627,-9.6607,-68.414,-580.21
1.5476,0.43871,0,0.01453,-0.88935,0.10263,0.4018,-0.90996,-0.41682,-0.81323,-0.4061,-0.90317,0.42097,0.084014,-9.64,-68.333,-580.39
1.5469,0.44516,0,0.0027816,-34.431,0.10227,0.40047,-0.91058,0.86109,-0.49396,-0.12054,-0.49807,-0.77177,-0.39536,-9.6195,-68.252,-580.57
1.5466,0.45161,0,0.024099,-1.0171,0.10391,0.40207,-0.90969,0.57916,0.71911,0.38399,0.80856,-0.56676,-0.15815,-9.599,-68.172,-580.76
1.5496,0.45806,0,0.067118,-0.22819,0.10861,0.40902,-0.90604,0.48971,0.77115,0.40683,0.86509,-0.48789,-0.11655,-9.5778,-68.091,-580.94
1.5525,0.46452,0,0.11549,-0.071504,0.11725,0.42325,-0.89839,0.46036,0.7784,0.4268,0.87995,-0.46363,-0.10358,-9.5553,-68.008,-581.12
1.5555,0.47097,0,0.14956,0.029125,0.12934,0.44385,-0.88672,0.44991,0.77062,0.45136,0.88366,-0.45732,-0.10002,-9.5307,-67.921,-581.3
1.5646,0.47742,0,0.084253,0.35766,0.14009,0.46168,-0.87591,0.4747,0.74502,0.46861,0.86892,-0.48145,-0.11479,-9.5034,-67.83,-581.48
1.5752,0.48387,0,0.022329,6.0648,0.14374,0.46604,-0.87301,-0.16251,-0.85908,-0.48535,-0.97618,0.21164,-0.047744,-9.4745,-67.736,-581.65
1.5858,0.49032,0,0.11926,0.48949,0.13884,0.45461,-0.8798,-0.37923,-0.79628,-0.4713,-0.91483,0.39908,0.061843,-9.4457,-67.642,-581.83
1.5946,0.49677,0,0.10321,1.5614,0.12871,0.43759,-0.88992,-0.53946,-0.72209,-0.43309,-0.83211,0.53582,0.14312,-9.4188,-67.553,-582
1.6026,0.50323,0,0.046354,10.431,0.11861,0.43123,-0.89441,-0.96941,0.24523,-0.010315,0.21489,0.86828,0.44712,-9.3941,-67.467,-582.18
1.6106,0.50968,0,0.11282,1.5712,0.11067,0.44221,-0.89006,-0.30266,0.86802,0.39363,0.94665,0.22582,0.22991,-9.3711,-67.38,-582.36
1.6185,0.51613,0,0.18032,0.23892,0.10476,0.468,-0.8775,-0.13822,0.88064,0.45317,0.98485,0.073813,0.15694,-9.3496,-67.289,-582.54
1.6241,0.52258,0,0.13531,-0.20405,0.10012,0.49561,-0.86275,-0.15717,0.8641,0.47815,0.98248,0.087728,0.16441,-9.3291,-67.192,-582.71
1.6296,0.52903,0,0.063339,-1.3629,0.096172,0.51261,-0.85322,-0.28487,0.83551,0.46986,0.95373,0.19787,0.22638,-9.3095,-67.091,-582.89
1.6352,0.53548,0,0.018409,-15.372,0.092906,0.517,-0.85093,-0.78573,-0.48685,-0.38159,-0.61156,0.70405,0.36099,-9.2905,-66.987,-583.06
1.6407,0.54194,0,0.081333,-0.25568,0.090058,0.50926,-0.85589,-0.17104,-0.8387,-0.51703,-0.98114,0.19296,0.011574,-9.2722,-66.883,-583.23
1.6433,0.54839,0,0.13792,0.18036,0.085872,0.49074,-0.86706,-0.20151,-0.84374,-0.4975,-0.97572,0.21744,0.026435,-9.2543,-66.782,-583.4
1.6456,0.55484,0,0.18962,0.14258,0.078455,0.46291,-0.88293,-0.24333,-0.84998,-0.46726,-0.96676,0.2515,0.045956,-9.2376,-66.685,-583.58
1.6479,0.56129,0,0.24345,-0.006597,0.067299,0.42569,-0.90236,-0.26753,-0.86359,-0.42736,-0.9612,0.27017,0.055766,-9.2228,-66.596,-583.76
1.6505,0.56774,0,0.23346,-0.2976,0.054894,0.38379,-0.92179,-0.25071,-0.88831,-0.38478,-0.96651,0.25222,0.047457,-9.2106,-66.515,-583.94
1.6539,0.57419,0,0.11525,-2.0888,0.048373,0.35213,-0.9347,-0.05566,-0.93339,-0.35452,-0.99728,0.069174,-0.025551,-9.2008,-66.442,-584.13
1.6573,0.58065,0,0.050834,-11.069,0.052806,0.34162,-0.93835,0.99516,0.059994,0.077845,0.082889,-0.93792,-0.3368,-9.1912,-66.373,-584.31
1.6606,0.5871,0,0.1609,-0.68848,0.068475,0.35308,-0.93308,0.65598,0.68874,0.30876,0.75167,-0.63322,-0.18445,-9.1796,-66.305,-584.5
1.6651,0.59355,0,0.17037,0.021276,0.089535,0.37633,-0.92215,0.61233,0.70941,0.34897,0.78551,-0.59591,-0.16692,-9.1637,-66.232,-584.69
1.6708,0.6,0,0.066116,1.9889,0.10478,0.3924,-0.91381,0.72213,0.60175,0.3412,0.68377,-0.69564,-0.22031,-9.1437,-66.154,-584.87
1.6764,0.60645,0,0.046135,1.329,0.1087,0.39224,-0.91342,-0.18659,-0.89448,-0.40631,-0.97641,0.2146,-0.02404,-9.1217,-66.074,-585.06
1.6838,0.6129,0,0.036023,-9.9617,0.10858,0.38479,-0.91659,0.20618,-0.91071,-0.3579,-0.97247,-0.15012,-0.17822,-9.1,-65.996,-585.24
1.6933,0.61935,0,0.14441,-1.1059,0.12021,0.38974,-0.91305,0.75053,0.56633,0.34055,0.64981,-0.72621,-0.22443,-9.078,-65.919,-585.42
1.7029,0.62581,0,0.31495,-0.016384,0.15236,0.41765,-0.89574,0.67284,0.62004,0.40354,0.72393,-0.66417,-0.18654,-9.0517,-65.84,-585.61
1.7102,0.63226,0,0.34854,0.47512,0.19763,0.45703,-0.86722,0.68761,0.5659,0.45493,0.69867,-0.68621,-0.20242,-9.017,-65.752,-585.78
1.7142,0.63871,0,0.2123,2.1347,0.23927,0.48393,-0.84176,0.83216,0.34446,0.43457,0.50026,-0.80446,-0.32029,-8.9726,-65.657,-585.95
1.7182,0.64516,0,0.12348,5.5314,0.26836,0.48638,-0.83152,0.91961,-0.38641,0.070769,-0.28688,-0.78366,-0.55097,-8.9209,-65.558,-586.12
1.7221,0.65161,0,0.15196,1.6227,0.28541,0.46848,-0.8361,0.36818,-0.85904,-0.35565,-0.88486,-0.20633,-0.41766,-8.8646,-65.461,-586.29
1.7269,0.65806,0,0.053782,0.44241,0.29252,0.45052,-0.84348,0.27994,-0.88376,-0.37496,-0.91436,-0.12644,-0.38464,-8.8061,-65.369,-586.46
1.7317,0.66452,0,0.091276,-0.059653,0.29187,0.45387,-0.84191,-0.23764,0.88705,0.39582,0.92647,0.084548,0.36676,-8.7471,-65.28,-586.63
1.7365,0.67097,0,0.22416,0.15196,0.28425,0.48168,-0.82897,-0.2453,0.87239,0.4228,0.92684,0.083169,0.36613,-8.689,-65.187,-586.8
1.7371,0.67742,0,0.21839,0.46129,0.27436,0.51997,-0.80893,-0.19986,0.85367,0.48094,0.94063,0.029727,0.33813,-8.6332,-65.087,-586.96
1.7362,0.68387,0,0.14203,1.4097,0.26951,0.55034,-0.79025,-0.030423,0.82507,0.56421,0.96252,-0.12802,0.23911,-8.579,-64.979,-587.12
1.7354,0.69032,0,0.078548,4.0149,0.27265,0.56708,-0.77723,0.45404,0.63639,0.62359,0.84824,-0.52291,-0.083965,-8.525,-64.866,-587.28
1.7345,0.69677,0,0.074957,1.2316,0.28322,0.57239,-0.76951,0.92797,0.039073,0.3706,0.2422,-0.81905,-0.5201,-8.4694,-64.751,-587.43
1.7295,0.70323,0,0.085899,-1.6708,0.29745,0.57464,-0.76244,0.83787,0.22573,0.49701,0.45771,-0.78666,-0.41433,-8.4111,-64.636,-587.59
1.7244,0.70968,0,0.11036,-1.3943,0.31146,0.58194,-0.75122,0.6116,0.48228,0.62718,0.72728,-0.65479,-0.20571,-8.3499,-64.52,-587.74
1.7194,0.71613,0,0.144,-0.67683,0.3245,0.59593,-0.73455,0.43309,0.59678,0.67549,0.84091,-0.53733,-0.064435,-8.286,-64.402,-587.89
1.7144,0.72258,0,0.16176,0.020006,0.3363,0.61473,-0.71345,0.34095,0.6267,0.70071,0.87787,-0.4789,0.0011678,-8.2197,-64.281,-588.03
1.7041,0.72903,0,0.10146,1.4477,0.34647,0.63027,-0.69478,0.45808,0.53266,0.71164,0.81861,-0.56482,-0.10416,-8.1511,-64.155,-588.17
1.6936,0.73548,0,0.041216,10.358,0.35498,0.63481,-0.6863,0.93379,-0.20537,0.29302,0.045067,-0.74487,-0.66568,-8.0807,-64.028,-588.31
1.6831,0.74194,0,0.090161,1.9113,0.36197,0.62695,-0.68987,0.34395,-0.77766,-0.52626,-0.86642,-0.04679,-0.49712,-8.0086,-63.901,-588.45
1.6728,0.74839,0,0.12423,0.98084,0.36653,0.61022,-0.70235,0.11487,-0.77879,-0.61668,-0.92329,0.14535,-0.35554,-7.9353,-63.776,-588.59
1.6639,0.75484,0,0.044555,9.0971,0.36582,0.59804,-0.71311,-0.47285,-0.54052,-0.69588,-0.80162,0.59176,0.085054,-7.8614,-63.656,-588.73
1.655,0.76129,0,0.090506,2.3435,0.35773,0.60204,-0.71385,-0.65938,0.70415,0.26343,0.66125,0.37646,0.64886,-7.7884,-63.536,-588.88
1.6461,0.76774,0,0.19441,0.19797,0.34183,0.62319,-0.70341,-0.51067,0.75152,0.41764,0.7889,0.21645,0.57514,-7.7178,-63.414,-589.02
1.6384,0.77419,0,0.16949,-0.78181,0.32263,0.65012,-0.68794,-0.5419,0.72277,0.4289,0.77605,0.23442,0.58548,-7.6512,-63.286,-589.16
1.6328,0.78065,0,0.063672,-10.077,0.31185,0.65821,-0.6852,-0.23763,-0.64421,-0.72699,-0.91993,0.38954,-0.044487,-7.5883,-63.153,-589.29
1.6272,0.7871,0,0.26746,-0.43615,0.31646,0.63361,-0.70597,0.2247,-0.7731,-0.59315,-0.92161,0.029073,-0.38703,-7.526,-63.022,-589.43
1.6271,0.79355,0,0.22964,-0.40683,0.32873,0.59431,-0.73398,0.2726,-0.8038,-0.52876,-0.90423,-0.026265,-0.42624,-7.4614,-62.899,-589.58
1.6305,0.8,0,0.019482,-53.52,0.33675,0.57529,-0.74541,0.94158,-0.20177,0.26965,0.0047195,-0.79267,-0.60963,-7.3943,-62.783,-589.73
1.634,0.80645,0,0.1989,0.62144,0.33695,0.59093,-0.73299,-0.085313,0.79447,0.60128,0.93765,-0.14007,0.31811,-7.3262,-62.668,-589.88
1.6394,0.8129,0,0.13689,6.1836,0.34058,0.61496,-0.71122,0.38967,0.59609,0.70202,0.85567,-0.51623,-0.036613,-7.2587,-62.546,-590.02
1.6458,0.81935,0,0.24165,2.6934,0.36562,0.60932,-0.7036,0.81147,-0.57894,-0.0797,-0.4559,-0.54181,-0.70612,-7.189,-62.42,-590.16
1.6522,0.82581,0,0.46674,0.61158,0.41494,0.56126,-0.71611,0.63239,-0.74378,-0.21651,-0.65414,-0.36302,-0.66356,-7.112,-62.301,-590.3
1.6605,0.83226,0,0.29866,1.4695,0.45854,0.50143,-0.73369,0.48385,-0.83337,-0.26716,-0.7454,-0.23249,-0.62476,-7.0238,-62.197,-590.45
1.6692,0.83871,0,0.10069,14.01,0.46427,0.47594,-0.74695,-0.83065,-0.058695,-0.55369,-0.30737,0.87752,0.36809,-6.9294,-62.102,-590.6
1.6779,0.84516,0,0.36946,0.82311,0.42576,0.49809,-0.7554,-0.8038,0.59155,-0.062993,0.41549,0.63401,0.65223,-6.8375,-62.006,-590.75
1.6855,0.85161,0,0.45131,0.4074,0.35864,0.54941,-0.75467,-0.78722,0.61248,0.071777,0.50165,0.56835,0.65217,-6.7563,-61.899,-590.9
1.6915,0.85806,0,0.29455,0.87052,0.2985,0.59744,-0.74429,-0.74466,0.63357,0.20993,0.59698,0.49157,0.63401,-6.6885,-61.777,-591.06
1.6974,0.86452,0,0.15978,2.8126,0.26641,0.62954,-0.72986,-0.51568,0.73284,0.44387,0.81431,0.25812,0.51988,-6.6294,-61.645,-591.22
1.7034,0.87097,0,0.1103,5.9135,0.26278,0.6489,-0.71405,0.44116,0.57737,0.68704,0.85809,-0.49555,-0.13455,-6.5737,-61.506,-591.38
1.7094,0.87742,0,0.20453,1.8513,0.28764,0.65689,-0.69697,0.90743,0.045826,0.41769,0.30631,-0.7526,-0.5829,-6.5161,-61.365,-591.53
1.7154,0.88387,0,0.36436,0.66695,0.34251,0.65196,-0.67649,0.93518,-0.16747,0.31208,0.090172,-0.73953,-0.66706,-6.4513,-61.226,-591.67
1.7213,0.89032,0,0.57146,0.33476,0.42954,0.62937,-0.6476,0.90304,-0.29689,0.31044,0.0031136,-0.71816,-0.69587,-6.374,-61.095,-591.81
1.7273,0.89677,0,0.81495,0.19474,0.54813,0.58032,-0.60231,0.8353,-0.41665,0.35872,-0.042781,-0.69974,-0.71312,-6.279,-60.974,-591.93
1.7333,0.90323,0,1.0408,0.11969,0.6885,0.49433,-0.53066,0.72213,-0.53489,0.43865,-0.067008,-0.68522,-0.72525,-6.161,-60.869,-592.04
1.7392,0.90968,0,1.1285,0.063315,0.82553,0.36841,-0.42753,0.55863,-0.6411,0.52623,-0.080223,-0.67325,-0.73505,-6.0147,-60.784,-592.14
1.7586,0.91613,0,0.90445,0.02454,0.92283,0.22792,-0.31054,0.37596,-0.70848,0.59726,-0.08388,-0.66792,-0.73949,-5.8351,-60.724,-592.21
1.789,0.92258,0,0.60189,0.00035305,0.97168,0.10962,-0.20933,0.22079,-0.73681,0.63904,-0.084183,-0.66716,-0.74014,-5.6238,-60.688,-592.27
1.8194,0.92903,0,0.40985,-0.0015314,0.99098,0.021776,-0.1322,0.10449,-0.74324,0.66082,-0.083864,-0.66867,-0.73881,-5.3877,-60.673,-592.31
